name: ONS_pipeline
channels:
  - conda-forge
  - defaults
dependencies:
  - asttokens=3.0.0=pyhd8ed1ab_1
  - bzip2=1.0.8=h2bbff1b_6
  - ca-certificates=2024.11.26=haa95532_0
  - colorama=0.4.6=pyhd8ed1ab_1
  - comm=0.2.2=pyhd8ed1ab_1
  - cpython=3.13.0=py313hd8ed1ab_101
  - debugpy=1.8.10=py313h5813708_0
  - decorator=5.1.1=pyhd8ed1ab_1
  - exceptiongroup=1.2.2=pyhd8ed1ab_1
  - executing=2.1.0=pyhd8ed1ab_1
  - expat=2.6.3=h5da7b33_0
  - importlib-metadata=8.5.0=pyha770c72_1
  - ipykernel=6.29.5=pyh4bbf305_0
  - ipython=8.30.0=pyh7428d3b_0
  - jedi=0.19.2=pyhd8ed1ab_1
  - jupyter_client=8.6.3=pyhd8ed1ab_1
  - jupyter_core=5.7.2=pyh5737063_1
  - krb5=1.21.3=hdf4eb48_0
  - libffi=3.4.4=hd77b12b_1
  - libmpdec=4.0.0=h827c3e9_0
  - libsodium=1.0.20=hc70643c_0
  - matplotlib-inline=0.1.7=pyhd8ed1ab_1
  - nest-asyncio=1.6.0=pyhd8ed1ab_1
  - openssl=3.4.0=h2466b09_0
  - packaging=24.2=pyhd8ed1ab_2
  - parso=0.8.4=pyhd8ed1ab_1
  - pickleshare=0.7.5=pyhd8ed1ab_1004
  - pip=24.2=py313haa95532_0
  - platformdirs=4.3.6=pyhd8ed1ab_1
  - prompt-toolkit=3.0.48=pyha770c72_1
  - psutil=6.1.0=py313ha7868ed_0
  - pure_eval=0.2.3=pyhd8ed1ab_1
  - pygments=2.18.0=pyhd8ed1ab_1
  - python=3.13.0=hadb2040_100_cp313
  - python-dateutil=2.9.0.post0=pyhff2d567_1
  - python_abi=3.13=0_cp313
  - pywin32=307=py313h5813708_3
  - pyzmq=26.2.0=py313h2100fd5_3
  - setuptools=75.1.0=py313haa95532_0
  - six=1.17.0=pyhd8ed1ab_0
  - sqlite=3.45.3=h2bbff1b_0
  - stack_data=0.6.3=pyhd8ed1ab_1
  - tk=8.6.14=h0416ee5_0
  - tornado=6.4.2=py313ha7868ed_0
  - traitlets=5.14.3=pyhd8ed1ab_1
  - typing_extensions=4.12.2=pyha770c72_1
  - tzdata=2024b=h04d1e81_0
  - ucrt=10.0.22621.0=h57928b3_1
  - vc=14.40=haa95532_2
  - vc14_runtime=14.42.34433=he29a5d6_23
  - vs2015_runtime=14.42.34433=hdffcdeb_23
  - wcwidth=0.2.13=pyhd8ed1ab_1
  - wheel=0.44.0=py313haa95532_0
  - xz=5.4.6=h8cc25b3_1
  - zeromq=4.3.5=ha9f60a1_7
  - zipp=3.21.0=pyhd8ed1ab_1
  - zlib=1.2.13=h8cc25b3_1
  - pip:
      - beautifulsoup4==4.12.3
      - certifi==2024.8.30
      - charset-normalizer==3.4.0
      - duckdb==1.1.3
      - fastexcel==0.12.0
      - idna==3.10
      - iniconfig==2.0.0
      - mypy==1.14.1
      - mypy-extensions==1.0.0
      - numpy==2.2.1
      - pandas-stubs==2.2.3.241126
      - pluggy==1.5.0
      - polars==1.17.1
      - pyarrow==18.1.0
      - pytest==8.3.4
      - requests==2.32.3
      - soupsieve==2.6
      - tqdm==4.67.1
      - types-beautifulsoup4==4.12.0.20241020
      - types-html5lib==1.1.11.20241018
      - types-pytz==2024.2.0.20241221
      - types-requests==2.32.0.20241016
      - types-tqdm==4.67.0.20241221
      - urllib3==2.2.3
prefix: C:\Anaconda\envs\ONS_pipeline
